sim.mfr <-
structure(c(3, 2, 1, 1, 0, 1, 0, 1, 0, 0, 2, 1, 0, 0, 0, 0, 2, 
0, 3, 0, 0, 2, 1, 0, 0, 1, 1, 1, 1, 3, 1, 0, 2, 0, 0, 0, 0, 0, 
1, 0, 0, 3, 0, 0, 1, 1, 0, 0, 0, 1, 1, 1, 0, 2, 0, 0, 1, 1, 0, 
0, 0, 2, 0, 2, 0, 0, 0, 0, 0, 0, 0, 2, 0, 1, 1, 1, 1, 1, 1, 0, 
1, 0, 0, 3, 0, 2, 3, 2, 0, 1, 2, 0, 0, 1, 0, 0, 2, 2, 0, 0, 3, 
3, 3, 3, 1, 3, 1, 3, 0, 0, 1, 2, 1, 0, 1, 3, 3, 3, 3, 2, 3, 3, 
3, 1, 3, 2, 2, 2, 3, 3, 3, 3, 3, 3, 1, 3, 0, 1, 3, 0, 3, 3, 3, 
2, 3, 1, 0, 1, 1, 0, 1, 3, 0, 3, 1, 0, 2, 3, 3, 2, 0, 3, 2, 3, 
0, 3, 0, 3, 2, 3, 0, 3, 1, 3, 3, 3, 3, 0, 3, 0, 3, 0, 0, 3, 2, 
3, 3, 3, 3, 3, 3, 1, 1, 3, 0, 2, 3, 3, 1, 2, 3, 2, 0, 3, 3, 1, 
3, 3, 3, 3, 3, 2, 2, 0, 0, 3, 2, 3, 3, 3, 0, 3, 0, 2, 3, 1, 2, 
2, 3, 3, 3, 1, 1, 3, 2, 3, 3, 3, 3, 0, 3, 3, 3, 3, 3, 3, 0, 0, 
1, 0, 1, 3, 0, 3, 1, 0, 0, 3, 0, 0, 2, 3, 0, 2, 3, 1, 3, 2, 2, 
3, 0, 3, 0, 3, 1, 1, 3, 0, 2, 3, 3, 0, 3, 3, 0, 3, 3, 3, 3, 3, 
3, 0, 3, 3, 2, 3, 3, 3, 0, 2, 3, 3, 3, 3, 2, 3, 3, 3, 3, 3, 3, 
3, 3, 2, 3, 3, 3, 3, 3, 3, 3, 2, 3, 1, 3, 2, 2, 3, 3, 3, 1, 3, 
3, 3, 3, 3, 3, 3, 3, 1, 3, 2, 3, 2, 3, 2, 0, 0, 3, 3, 0, 3, 2, 
3, 3, 2, 3, 2, 3, 3, 2, 3, 2, 3, 3, 3, 3, 2, 3, 3, 1, 2, 0, 3, 
3, 3, 3, 2, 3, 0, 3, 2, 0, 3, 2, 3, 3, 3, 3, 3, 3, 3, 3, 3, 3, 
2, 3, 3, 1, 3, 1, 2, 0, 0, 1, 0, 0, 2, 1, 3, 0, 2, 0, 2, 1, 3, 
0, 1, 2, 1, 0, 1, 0, 0, 0, 1, 1, 0, 2, 0, 0, 0, 0, 0, 0, 2, 0, 
0, 1, 0, 1, 2, 0, 0, 0, 0, 0, 0, 0, 0, 0, 1, 0, 1, 0, 0, 0, 0, 
0, 0, 0, 2, 0, 0, 0, 0, 1, 0, 0, 0, 0, 1, 0, 0, 1, 1, 3, 0, 0, 
1, 2, 0, 0, 3, 0, 0, 1, 0, 0, 0, 2, 0, 1, 0, 0, 0, 0, 0, 0, 1
), .Dim = c(100L, 5L), .Dimnames = list(c("V1", "V1.1", "V1.2", 
"V1.3", "V1.4", "V1.5", "V1.6", "V1.7", "V1.8", "V1.9", "V1.10", 
"V1.11", "V1.12", "V1.13", "V1.14", "V1.15", "V1.16", "V1.17", 
"V1.18", "V1.19", "V1.20", "V1.21", "V1.22", "V1.23", "V1.24", 
"V1.25", "V1.26", "V1.27", "V1.28", "V1.29", "V1.30", "V1.31", 
"V1.32", "V1.33", "V1.34", "V1.35", "V1.36", "V1.37", "V1.38", 
"V1.39", "V1.40", "V1.41", "V1.42", "V1.43", "V1.44", "V1.45", 
"V1.46", "V1.47", "V1.48", "V1.49", "V1.50", "V1.51", "V1.52", 
"V1.53", "V1.54", "V1.55", "V1.56", "V1.57", "V1.58", "V1.59", 
"V1.60", "V1.61", "V1.62", "V1.63", "V1.64", "V1.65", "V1.66", 
"V1.67", "V1.68", "V1.69", "V1.70", "V1.71", "V1.72", "V1.73", 
"V1.74", "V1.75", "V1.76", "V1.77", "V1.78", "V1.79", "V1.80", 
"V1.81", "V1.82", "V1.83", "V1.84", "V1.85", "V1.86", "V1.87", 
"V1.88", "V1.89", "V1.90", "V1.91", "V1.92", "V1.93", "V1.94", 
"V1.95", "V1.96", "V1.97", "V1.98", "V1.99"), NULL))
